1.029    	7.506    	-5.370    
1.059    	7.506    	-5.370    
1.091    	7.506    	-5.370    
1.122    	7.506    	-5.370    
1.155    	7.506    	-5.370    
1.189    	7.506    	-5.370    
1.224    	7.506    	-5.370    
1.260    	7.506    	-5.370    
1.297    	7.506    	-5.370    
1.335    	6.981    	1.173    
1.374    	6.981    	1.173    
1.414    	6.981    	1.173    
1.456    	6.981    	1.173    
1.498    	6.981    	1.173    
1.542    	6.981    	1.173    
1.587    	6.981    	1.173    
1.634    	6.981    	1.173    
1.682    	6.981    	1.173    
1.731    	6.981    	1.173    
1.782    	6.981    	1.173    
1.834    	6.981    	1.173    
1.888    	6.981    	1.173    
1.943    	6.981    	1.173    
2.000    	6.748    	5.151    
2.059    	6.748    	5.151    
2.119    	6.748    	5.151    
2.181    	6.748    	5.151    
2.245    	6.748    	5.151    
2.311    	6.748    	5.151    
2.378    	6.748    	5.151    
2.448    	6.748    	5.151    
2.520    	6.748    	5.151    
2.594    	6.748    	5.151    
2.670    	6.845    	5.982    
2.748    	6.845    	5.982    
2.828    	6.845    	5.982    
2.911    	6.845    	5.982    
2.997    	6.845    	5.982    
3.084    	6.845    	5.982    
3.175    	6.845    	5.982    
3.268    	6.845    	5.982    
3.364    	6.874    	7.770    
3.462    	6.874    	7.770    
3.564    	6.874    	7.770    
3.668    	6.874    	7.770    
3.775    	6.874    	7.770    
3.886    	6.874    	7.770    
4.000    	6.938    	9.096    
4.117    	6.938    	9.096    
4.238    	6.938    	9.096    
4.362    	6.938    	9.096    
4.490    	6.938    	9.096    
4.621    	6.938    	9.096    
4.757    	6.999    	10.670    
4.896    	6.999    	10.670    
5.040    	6.999    	10.670    
5.187    	6.999    	10.670    
5.339    	7.073    	12.019    
5.496    	7.073    	12.019    
5.657    	7.073    	12.019    
5.823    	7.073    	12.019    
5.993    	7.150    	13.428    
6.169    	7.150    	13.428    
6.350    	7.150    	13.428    
6.536    	7.150    	13.428    
6.727    	7.232    	14.704    
6.924    	7.232    	14.704    
7.127    	7.232    	14.704    
7.336    	7.306    	16.041    
7.551    	7.306    	16.041    
7.772    	7.306    	16.041    
8.000    	7.383    	17.369    
8.234    	7.383    	17.369    
8.476    	7.383    	17.369    
8.724    	7.461    	18.733    
8.980    	7.461    	18.733    
9.243    	7.461    	18.733    
9.514    	7.549    	20.113    
9.792    	7.549    	20.113    
10.079    	7.652    	21.448    
10.375    	7.652    	21.448    
10.679    	7.772    	22.783    
10.992    	7.772    	22.783    
11.314    	7.918    	23.988    
11.645    	7.918    	23.988    
11.986    	8.077    	25.201    
12.338    	8.077    	25.201    
12.699    	8.255    	26.277    
13.071    	8.255    	26.277    
13.454    	8.429    	27.356    
13.849    	8.429    	27.356    
14.254    	8.618    	28.384    
14.672    	8.796    	29.401    
15.102    	8.796    	29.401    
15.545    	8.988    	30.510    
16.000    	9.180    	31.676    
16.469    	9.180    	31.676    
16.951    	9.412    	32.967    
17.448    	9.678    	34.152    
17.959    	9.996    	35.379    
18.486    	9.996    	35.379    
19.027    	10.367    	36.554    
19.585    	11.067    	38.045    
20.159    	11.374    	38.396    
20.749    	12.005    	38.961    
21.357    	12.729    	39.128    
21.983    	13.577    	38.923    
22.627    	14.576    	38.080    
23.290    	15.715    	36.404    
23.973    	16.932    	33.586    
24.675    	18.113    	29.340    
25.398    	18.936    	23.415    
26.143    	19.176    	16.406    
26.909    	18.683    	9.289    
27.697    	17.517    	3.041    
28.509    	15.906    	-1.157    
29.344    	13.448    	-2.590    
30.204    	11.517    	-0.080    
31.089    	10.756    	3.216    
32.000    	10.124    	8.564    
32.938    	9.877    	13.916    
33.903    	9.899    	18.771    
34.896    	10.075    	23.097    
35.919    	10.358    	26.633    
36.971    	10.701    	29.705    
38.055    	11.218    	32.507    
39.170    	11.867    	35.252    
40.317    	12.312    	36.638    
41.499    	12.900    	38.106    
42.715    	13.762    	39.785    
43.967    	14.734    	41.099    
45.255    	15.851    	42.092    
46.581    	17.107    	42.759    
47.946    	18.525    	43.037    
49.351    	20.115    	42.872    
50.797    	21.911    	42.216    
52.285    	23.889    	40.972    
53.817    	26.678    	38.536    
55.394    	29.770    	35.160    
57.018    	32.549    	31.519    
58.688    	36.989    	23.861    
60.408    	40.196    	15.570    
62.178    	42.497    	6.078    
64.000    	43.076    	-4.145    
65.875    	41.414    	-16.140    
67.806    	37.864    	-25.981    
69.792    	33.576    	-33.183    
71.838    	29.599    	-37.879    
73.943    	26.198    	-41.175    
76.109    	23.298    	-43.448    
78.339    	20.667    	-44.797    
80.635    	18.917    	-45.039    
82.998    	17.347    	-44.698    
85.430    	16.075    	-43.965    
87.933    	15.051    	-42.986    
90.510    	14.090    	-41.652    
93.162    	13.332    	-40.205    
95.892    	12.662    	-38.651    
98.701    	12.166    	-37.233    
101.594    	11.698    	-35.632    
104.571    	11.273    	-33.914    
107.635    	10.914    	-32.275    
110.789    	10.585    	-30.503    
114.035    	10.347    	-28.861    
117.377    	10.135    	-27.143    
120.816    	9.941    	-25.514    
124.356    	9.751    	-23.840    
128.000    	9.607    	-22.451    
131.751    	9.491    	-21.041    
135.611    	9.392    	-19.445    
139.585    	9.321    	-18.094    
143.675    	9.251    	-16.734    
147.885    	9.195    	-15.479    
152.219    	9.159    	-14.179    
156.679    	9.140    	-12.825    
161.270    	9.117    	-11.609    
165.995    	9.093    	-10.512    
170.860    	9.083    	-9.531    
175.866    	9.090    	-8.475    
181.019    	9.097    	-7.530    
186.324    	9.108    	-6.585    
191.783    	9.128    	-5.481    
197.403    	9.163    	-4.486    
203.187    	9.220    	-3.788    
209.141    	9.269    	-3.167    
215.269    	9.285    	-2.572    
221.577    	9.297    	-1.870    
228.070    	9.323    	-1.156    
234.753    	9.360    	-0.433    
241.632    	9.398    	0.245    
248.712    	9.446    	0.897    
256.000    	9.493    	1.484    
263.501    	9.551    	2.085    
271.223    	9.616    	2.672    
279.170    	9.677    	3.106    
287.350    	9.738    	3.555    
295.770    	9.798    	3.967    
304.437    	9.863    	4.293    
313.358    	9.911    	4.532    
322.540    	9.931    	4.852    
331.991    	9.957    	5.320    
341.719    	10.004    	5.809    
351.732    	10.064    	6.270    
362.039    	10.128    	6.665    
372.647    	10.195    	7.035    
383.567    	10.273    	7.401    
394.806    	10.361    	7.722    
406.375    	10.458    	7.899    
418.282    	10.536    	7.892    
430.539    	10.578    	7.818    
443.155    	10.585    	7.876    
456.140    	10.590    	8.110    
469.506    	10.613    	8.452    
483.264    	10.658    	8.823    
497.424    	10.714    	9.131    
512.000    	10.771    	9.401    
527.003    	10.830    	9.651    
542.445    	10.892    	9.899    
558.340    	10.967    	10.087    
574.701    	11.040    	10.136    
591.541    	11.082    	10.127    
608.874    	11.100    	10.240    
626.715    	11.125    	10.472    
645.080    	11.165    	10.726    
663.982    	11.213    	10.981    
683.438    	11.270    	11.211    
703.464    	11.328    	11.395    
724.077    	11.384    	11.533    
745.294    	11.432    	11.658    
767.133    	11.475    	11.804    
789.612    	11.517    	11.969    
812.749    	11.556    	12.138    
836.565    	11.595    	12.329    
861.078    	11.638    	12.553    
886.309    	11.687    	12.789    
912.280    	11.741    	13.014    
939.012    	11.796    	13.217    
966.527    	11.853    	13.409    
994.849    	11.910    	13.601    
1024.000    	11.969    	13.787    
1054.005    	12.031    	13.975    
1084.890    	12.092    	14.146    
1116.680    	12.154    	14.294    
1149.401    	12.215    	14.424    
1183.081    	12.272    	14.554    
1217.748    	12.328    	14.680    
1253.431    	12.381    	14.808    
1290.159    	12.434    	14.943    
1327.964    	12.488    	15.082    
1366.876    	12.543    	15.204    
1406.929    	12.595    	15.308    
1448.155    	12.638    	15.407    
1490.589    	12.674    	15.523    
1534.266    	12.709    	15.664    
1579.224    	12.745    	15.835    
1625.499    	12.781    	16.020    
1673.129    	12.817    	16.210    
1722.156    	12.851    	16.406    
1772.619    	12.885    	16.612    
1824.561    	12.919    	16.837    
1878.024    	12.952    	17.083    
1933.055    	12.987    	17.343    
1989.697    	13.021    	17.612    
2048.000    	13.056    	17.903    
2108.011    	13.092    	18.215    
2169.780    	13.132    	18.544    
2233.360    	13.174    	18.868    
2298.802    	13.216    	19.198    
2366.162    	13.258    	19.547    
2435.496    	13.303    	19.915    
2506.862    	13.350    	20.297    
2580.318    	13.399    	20.696    
2655.927    	13.450    	21.102    
2733.752    	13.505    	21.514    
2813.857    	13.563    	21.934    
2896.309    	13.622    	22.358    
2981.178    	13.683    	22.798    
3068.533    	13.746    	23.260    
3158.448    	13.813    	23.731    
3250.997    	13.882    	24.212    
3346.259    	13.955    	24.706    
3444.312    	14.032    	25.206    
3545.238    	14.110    	25.705    
3649.121    	14.191    	26.222    
3756.049    	14.275    	26.761    
3866.109    	14.366    	27.310    
3979.395    	14.461    	27.867    
4096.000    	14.562    	28.434    
4216.022    	14.667    	29.010    
4339.561    	14.777    	29.589    
4466.720    	14.892    	30.173    
4597.605    	15.011    	30.765    
4732.325    	15.135    	31.365    
4870.992    	15.265    	31.976    
5013.723    	15.401    	32.593    
5160.637    	15.542    	33.219    
5311.855    	15.689    	33.843    
5467.504    	15.845    	34.474    
5627.714    	16.006    	35.107    
5792.619    	16.173    	35.750    
5962.355    	16.346    	36.398    
6137.066    	16.527    	37.045    
6316.896    	16.716    	37.691    
6501.995    	16.915    	38.343    
6692.518    	17.120    	38.984    
6888.623    	17.328    	39.625    
7090.476    	17.544    	40.278    
7298.242    	17.766    	40.941    
7512.097    	17.995    	41.616    
7732.218    	18.238    	42.308    
7958.790    	18.497    	42.994    
8192.000    	18.768    	43.677    
8432.044    	19.052    	44.345    
8679.122    	19.341    	44.995    
8933.439    	19.638    	45.655    
9195.209    	19.949    	46.332    
9464.649    	20.279    	46.994    
9741.985    	20.621    	47.630    
10027.447    	20.971    	48.265    
10321.273    	21.332    	48.905    
10623.710    	21.712    	49.537    
10935.008    	22.103    	50.151    
11255.428    	22.503    	50.763    
11585.238    	22.919    	51.377    
11924.711    	23.355    	51.986    
12274.132    	23.809    	52.585    
12633.791    	24.280    	53.165    
13003.989    	24.771    	53.731    
13385.035    	25.277    	54.280    
13777.247    	25.798    	54.808    
14180.951    	26.332    	55.318    
14596.485    	26.880    	55.820    
15024.194    	27.452    	56.307    
15464.437    	28.039    	56.750    
15917.579    	28.612    	57.160    
16384.000    	29.171    	57.631    
16864.088    	29.765    	58.169    
17358.243    	30.416    	58.708    
17866.879    	31.101    	59.203    
18390.418    	31.809    	59.673    
18929.299    	32.538    	60.125    
19483.969    	33.291    	60.560    
20054.893    	34.070    	60.985    
20642.546    	34.869    	61.730    
