4.97175	36.69	-21.7
5.00778	36.69	-21.7
5.04407	36.69	-21.7
5.08062	36.69	-21.7
5.11743	36.69	-21.7
5.15452	36.69	-21.7
5.19187	36.69	-21.7
5.22949	36.7	-21.7
5.26739	36.7	-21.7
5.30556	36.7	-21.7
5.344	36.71	-21.7
5.38273	36.72	-21.7
5.42173	36.74	-21.7
5.46102	36.76	-21.7
5.50059	36.79	-21.7
5.54045	36.84	-21.7
5.5806	36.9	-21.7
5.62104	36.98	-21.7
5.66177	37.1	-21.7
5.7028	37.26	-21.7
5.74413	37.48	-21.7
5.78575	37.77	-21.7
5.82768	38.15	-21.7
5.86991	38.64	-21.7
5.91244	39.26	-21.7
5.95529	40	-21.7
5.99844	40.87	-21.7
6.04191	41.87	-21.7
6.08569	42.98	-21.7
6.12979	44.18	-21.7
6.17421	45.27	-21.7
6.21895	46.02	-21.7
6.26401	46.48	-21.7
6.30941	46.78	-21.7
6.35513	46.98	-21.7
6.40118	47.11	-21.7
6.44756	47.2	-21.7
6.49429	47.27	-21.7
6.54135	47.31	-21.7
6.58875	47.34	-21.7
6.63649	47.37	-21.7
6.68458	47.38	-21.7
6.73302	47.39	-21.7
6.78181	47.4	-21.7
6.83096	47.41	-21.7
6.88046	47.41	-21.7
6.93031	47.41	-21.7
6.98053	47.41	-21.7
7.03112	47.42	-21.7
7.08207	47.42	-21.7
7.13339	47.42	-21.7
7.18508	47.42	-21.7
7.23715	47.42	-21.7
7.28959	47.42	-21.7
7.34241	47.43	-21.7
7.39562	47.43	-21.7
7.44921	47.43	-21.7
7.50319	47.44	-21.7
7.55756	47.45	-21.7
7.61233	47.46	-21.7
7.66749	47.48	-21.7
7.72305	47.5	-21.7
7.77901	47.52	-21.7
7.83538	47.53	-21.7
7.89216	47.54	-21.7
7.94935	47.55	-21.7
8.00696	47.55	-21.7
8.06498	47.56	-21.7
8.12342	47.56	-21.7
8.18229	47.57	-21.7
8.24158	47.58	-21.7
8.3013	47.59	-21.7
8.36146	47.6	-21.7
8.42205	47.62	-21.8
8.48308	47.64	-21.8
8.54455	47.68	-21.9
8.60646	47.72	-22
8.66883	47.79	-22.1
8.73165	47.89	-22.3
8.79492	48.02	-22.6
8.85865	48.2	-23
8.92285	48.44	-23.5
8.98751	48.76	-24.3
9.05263	49.18	-25.4
9.11823	49.71	-27
9.18431	50.37	-29.3
9.25086	51.03	-31.9
9.31789	51.52	-34.2
9.38542	51.84	-35.7
9.45343	52.05	-36.9
9.52193	52.19	-37.7
9.59093	52.28	-38.3
9.66043	52.35	-38.7
9.73043	52.39	-39
9.80094	52.42	-39.3
9.87197	52.43	-39.5
9.9435	52.44	-39.8
10.01556	52.43	-40.1
10.08813	52.41	-40.4
10.16124	52.38	-40.9
10.23487	52.34	-41.5
10.30903	52.27	-42.4
10.38374	52.16	-43.6
10.45898	52.01	-45.4
10.53477	51.78	-47.9
10.61111	51.43	-51.4
10.68801	50.87	-56.4
10.76545	50.12	-62.2
10.84347	49.36	-67.2
10.92204	48.73	-70.7
11.00119	48.23	-73.2
11.08091	47.83	-75
11.1612	47.53	-76.2
11.24208	47.31	-77.2
11.32355	47.16	-77.9
11.4056	47.06	-78.4
11.48825	46.99	-78.9
11.5715	46.97	-79.3
11.65535	46.97	-79.8
11.73981	47.02	-80.4
11.82488	47.1	-81.1
11.91057	47.22	-82.1
11.99688	47.41	-83.4
12.08381	47.66	-85.3
12.17138	48	-88
12.25958	48.45	-91.8
12.34842	48.92	-96.2
12.4379	49.29	-100
12.52803	49.55	-102.7
12.61881	49.73	-104.6
12.71025	49.88	-106
12.80236	50.01	-107
12.89513	50.13	-107.7
12.98857	50.27	-108.4
13.08269	50.44	-108.9
13.17749	50.65	-109.5
13.27298	50.92	-110.1
13.36916	51.27	-110.9
13.46604	51.72	-111.9
13.56362	52.29	-113.2
13.66191	52.98	-115.1
13.76091	53.8	-117.8
13.86063	54.6	-120.9
13.96107	55.19	-123.6
14.06224	55.56	-125.5
14.16414	55.82	-126.8
14.26678	55.99	-127.8
14.37016	56.13	-128.6
14.47429	56.24	-129.2
14.57918	56.33	-129.8
14.68482	56.43	-130.3
14.79124	56.54	-130.9
14.89842	56.68	-131.7
15.00638	56.86	-132.6
15.11512	57.09	-134
15.22465	57.39	-135.8
15.33498	57.79	-138.4
15.4461	58.21	-141.4
15.55803	58.54	-144
15.67077	58.77	-145.8
15.78433	58.93	-147.1
15.89871	59.05	-148
16.01391	59.15	-148.6
16.12996	59.23	-149.1
16.24684	59.33	-149.4
16.36457	59.43	-149.6
16.48316	59.56	-149.8
16.6026	59.72	-150
16.72291	59.94	-150.1
16.84409	60.2	-150.2
16.96615	60.44	-150.4
17.08909	60.63	-150.5
17.21293	60.77	-150.6
17.33766	60.88	-150.8
17.4633	60.97	-151
17.58984	61.06	-151.3
17.71731	61.15	-151.6
17.84569	61.26	-152.2
17.97501	61.41	-152.9
18.10526	61.6	-154
18.23646	61.82	-155.3
18.36861	62.04	-156.7
18.50172	62.24	-158.1
18.63579	62.4	-159.2
18.77083	62.53	-160.1
18.90685	62.63	-160.8
19.04386	62.72	-161.4
19.18186	62.81	-162
19.32086	62.92	-162.7
19.46087	63.06	-163.6
19.60189	63.21	-164.7
19.74393	63.36	-165.7
19.887	63.5	-166.7
20.03111	63.64	-167.6
20.17627	63.76	-168.3
20.32247	63.86	-168.8
20.46974	63.94	-169.1
20.61807	64.02	-169.2
20.76748	64.11	-169.1
20.91797	64.22	-168.9
21.06955	64.34	-168.6
21.22223	64.47	-168.2
21.37601	64.6	-167.9
21.53091	64.74	-167.5
21.68693	64.88	-167.2
21.84408	65.02	-167.1
22.00238	65.18	-167
22.16181	65.37	-167.1
22.32241	65.62	-167.3
22.48416	65.9	-167.6
22.64709	66.18	-167.9
22.8112	66.46	-168.3
22.9765	66.76	-168.8
23.143	67.1	-169.5
23.3107	67.44	-170.3
23.47962	67.8	-171.3
23.64977	68.22	-172.7
23.82114	68.66	-174.3
23.99376	69.04	-176
24.16763	69.37	-177.5
24.34276	69.69	-179.2
24.51916	70.04	178.8
24.69683	70.41	176.4
24.87579	70.75	173.8
25.05606	71.08	171
25.23762	71.38	168
25.4205	71.64	165.2
25.60471	71.85	162.6
25.79025	72.05	159.9
25.97714	72.25	156.8
26.16538	72.45	153.2
26.35499	72.62	149.5
26.54597	72.75	146
26.73833	72.84	142.9
26.93209	72.91	140.2
27.12725	72.95	137.7
27.32382	72.98	135
27.52182	73	131.8
27.72126	73	128
27.92214	72.99	124.2
28.12447	72.96	121.1
28.32827	72.93	118.6
28.53355	72.89	116.3
28.74032	72.84	114.1
28.94858	72.76	111.6
29.15835	72.66	108.6
29.36965	72.52	105.2
29.58247	72.4	102.2
29.79684	72.29	99.8
30.01276	72.18	97.7
30.23024	72.06	95.8
30.4493	71.91	93.7
30.66995	71.71	91.1
30.8922	71.48	88.4
31.11606	71.25	85.9
31.34154	71.05	84
31.56865	70.85	82.3
31.79741	70.64	80.7
32.02783	70.37	79
32.25991	70.04	77
32.49368	69.68	75.1
32.72915	69.35	73.6
32.96631	69.04	72.3
33.2052	68.73	71.2
33.44582	68.36	70.1
33.68818	67.92	69.1
33.9323	67.44	68.1
34.17819	67	67.4
34.42586	66.59	67
34.67532	66.19	66.9
34.92659	65.76	66.9
35.17969	65.31	67.1
35.43461	64.85	67.4
35.69139	64.42	67.9
35.95002	64.04	68.6
36.21053	63.67	69.8
36.47293	63.29	71.3
36.73722	62.9	73
37.00344	62.51	74.9
37.27158	62.15	77
37.54166	61.83	79.5
37.81371	61.53	82.3
38.08772	61.25	85.3
38.36372	61.01	88.6
38.64172	60.79	92.4
38.92173	60.64	96.8
39.20378	60.58	101.5
39.48786	60.62	106.2
39.77401	60.75	110.8
40.06223	61	115.6
40.35253	61.38	120.4
40.64495	61.87	124.9
40.93948	62.39	129.1
41.23614	62.92	133
41.53495	63.5	136.8
41.83593	64.12	139.7
42.13909	64.75	141.9
42.44445	65.34	143.4
42.75202	65.92	144.4
43.06182	66.51	145
43.37386	67.06	145.1
43.68817	67.52	144.9
44.00475	67.94	144.3
44.32363	68.36	143.4
44.64481	68.8	142.1
44.96833	69.21	140.6
45.29419	69.57	139.1
45.62241	69.9	137.6
45.95301	70.24	135.8
46.286	70.58	133.8
46.62141	70.88	131.9
46.95925	71.12	130.2
47.29953	71.36	128.3
47.64229	71.6	126.3
47.98752	71.82	124.3
48.33526	72.01	122.4
48.68552	72.18	120.6
49.03831	72.35	118.7
49.39366	72.51	116.9
49.75159	72.65	115.3
50.11211	72.79	113.8
50.47524	72.92	112.3
50.84101	73.06	110.9
51.20942	73.19	109.7
51.58051	73.34	108.5
51.95428	73.49	107.3
52.33076	73.66	106.2
52.70997	73.83	105.1
53.09193	74	104
53.47666	74.18	102.9
53.86417	74.36	101.8
54.25449	74.53	100.7
54.64764	74.72	99.5
55.04364	74.89	98.2
55.44251	75.07	96.9
55.84427	75.23	95.6
56.24894	75.37	94.5
56.65654	75.48	93.4
57.0671	75.58	92.3
57.48063	75.66	91.4
57.89716	75.7	90.6
58.31671	75.71	89.8
58.7393	75.7	89
59.16494	75.67	88.3
59.59368	75.62	87.6
60.02552	75.55	86.9
60.46049	75.47	86.3
60.89861	75.38	85.7
61.33991	75.27	85.1
61.7844	75.15	84.4
62.23212	75.01	83.7
62.68307	74.88	82.8
63.1373	74.75	81.9
63.59482	74.63	80.9
64.05566	74.53	80
64.51983	74.45	79
64.98737	74.38	77.9
65.45829	74.32	76.9
65.93263	74.27	75.8
66.4104	74.22	74.8
66.89164	74.18	73.9
67.37637	74.14	73
67.8646	74.09	72.2
68.35638	74.05	71.5
68.85172	74.01	70.8
69.35064	73.98	70.2
69.85319	73.94	69.7
70.35937	73.92	69.3
70.86923	73.9	68.9
71.38277	73.89	68.6
71.90004	73.88	68.4
72.42106	73.89	68.1
72.94585	73.91	67.9
73.47445	73.93	67.7
74.00687	73.97	67.5
74.54316	74.02	67.3
75.08333	74.08	67.1
75.62741	74.15	66.9
76.17544	74.22	66.7
76.72744	74.3	66.5
77.28344	74.4	66.2
77.84347	74.5	66
78.40755	74.61	65.7
78.97573	74.73	65.4
79.54802	74.85	65.2
80.12445	74.98	65
80.70507	75.13	64.7
81.28989	75.29	64.5
81.87895	75.48	64.3
82.47228	75.68	64
83.06991	75.89	63.7
83.67187	76.11	63.3
84.27819	76.36	62.7
84.8889	76.63	62
85.50404	76.91	61.1
86.12364	77.18	60
86.74773	77.44	58.8
87.37634	77.68	57.3
88.0095	77.9	55.6
88.64725	78.1	53.8
89.28963	78.27	51.8
89.93666	78.42	49.7
90.58838	78.53	47.4
91.24482	78.63	44.8
91.90601	78.7	42.2
92.572	78.74	39.5
93.24282	78.76	36.8
93.91849	78.74	34.2
94.59907	78.7	31.7
95.28457	78.64	29.3
95.97504	78.55	26.8
96.67052	78.43	24.5
97.37103	78.3	22.2
98.07662	78.15	20
98.78733	77.99	17.9
99.50318	77.82	15.9
100.22422	77.62	14
100.95049	77.42	12.2
101.68201	77.2	10.5
102.41884	76.97	8.9
103.16101	76.72	7.4
103.90856	76.46	6
104.66153	76.18	4.7
105.41995	75.9	3.7
106.18386	75.61	2.7
106.95331	75.31	2
107.72834	75.01	1.4
108.50899	74.7	1
109.29529	74.38	0.9
110.08729	74.06	0.8
110.88502	73.74	1
111.68854	73.42	1.4
112.49788	73.11	1.9
113.31309	72.82	2.5
114.1342	72.54	3.2
114.96127	72.28	4.1
115.79432	72.05	5.1
116.63342	71.83	6.2
117.47859	71.64	7.4
118.32989	71.46	8.7
119.18736	71.31	10.1
120.05104	71.18	11.5
120.92098	71.08	12.9
121.79722	71	14.4
122.67981	70.95	16
123.5688	70.92	17.7
124.46423	70.91	19.4
125.36615	70.95	21.2
126.2746	71.02	23.1
127.18964	71.14	24.9
128.11131	71.3	26.7
129.03966	71.52	28.5
129.97473	71.78	30.1
130.91658	72.07	31.5
131.86526	72.41	32.8
132.82081	72.76	33.7
133.78328	73.13	34.4
134.75273	73.51	34.8
135.72921	73.88	34.8
136.71276	74.24	34.5
137.70343	74.6	33.8
138.70129	74.93	32.7
139.70638	75.22	31.3
140.71875	75.48	29.6
141.73845	75.71	27.6
142.76555	75.9	25.4
143.80008	76.05	23
144.84212	76.16	20.5
145.8917	76.24	18
146.9489	76.28	15.3
148.01375	76.29	12.7
149.08632	76.26	10.1
150.16666	76.2	7.5
151.25483	76.11	4.9
152.35088	75.99	2.5
153.45488	75.83	0.3
154.56688	75.64	-1.8
155.68693	75.42	-3.7
156.8151	75.17	-5.4
157.95145	74.89	-6.8
159.09603	74.59	-7.8
160.24891	74.28	-8.5
161.41014	73.95	-8.8
162.57978	73.62	-8.7
163.7579	73.27	-8.3
164.94456	72.94	-7.6
166.13982	72.64	-6.6
167.34373	72.39	-5.4
168.55637	72.18	-4
169.7778	72.03	-2.4
171.00808	71.96	-0.8
172.24728	71.95	0.7
173.49545	72.02	2
174.75267	72.13	3
176.019	72.26	3.9
177.29451	72.41	4.4
178.57926	72.55	4.6
179.87332	72.68	4.5
181.17675	72.8	4
182.48963	72.9	3.3
183.81203	72.98	2.4
185.14401	73.04	1.3
186.48564	73.07	0.1
187.83699	73.07	-1.1
189.19813	73.05	-2.3
190.56914	72.99	-3.5
191.95008	72.91	-4.7
193.34103	72.81	-5.8
194.74206	72.7	-6.8
196.15324	72.58	-7.6
197.57465	72.45	-8.4
199.00636	72.34	-9.2
200.44844	72.23	-10
201.90097	72.11	-10.9
203.36403	71.99	-11.8
204.83769	71.85	-12.7
206.32203	71.68	-13.6
207.81712	71.49	-14.4
209.32305	71.27	-15.1
210.83989	71.04	-15.6
212.36772	70.8	-15.8
213.90663	70.55	-15.8
215.45668	70.28	-15.5
217.01797	69.99	-15
218.59057	69.69	-14.2
220.17457	69.37	-13.1
221.77005	69.06	-11.7
223.37708	68.76	-10.1
224.99577	68.5	-8.3
226.62618	68.27	-6.5
228.26841	68.1	-4.6
229.92253	67.97	-2.7
231.58865	67.89	-0.7
233.26683	67.86	1.4
234.95718	67.87	3.5
236.65978	67.94	5.7
238.37471	68.06	8
240.10207	68.24	10.3
241.84195	68.48	12.5
243.59444	68.79	14.7
245.35962	69.17	16.7
247.1376	69.6	18.5
248.92846	70.05	20.1
250.7323	70.51	21.3
252.54921	70.97	22.1
254.37928	71.39	22.4
256.22262	71.78	22.2
258.07932	72.12	21.5
259.94947	72.41	20.3
261.83317	72.65	18.6
263.73052	72.83	16.4
265.64162	72.95	13.9
267.56657	73.01	11.2
269.50546	73.01	8.3
271.45841	72.95	5.5
273.42551	72.82	2.9
275.40687	72.63	0.7
277.40258	72.38	-1.1
279.41275	72.09	-2.3
281.43749	71.76	-3
283.4769	71.4	-3.2
285.53109	71.02	-2.7
287.60017	70.65	-1.8
289.68424	70.29	-0.3
291.78341	69.99	1.7
293.89779	69.75	3.9
296.0275	69.61	6.3
298.17263	69.57	8.7
300.33332	69.61	11
302.50966	69.72	13.2
304.70176	69.9	15.2
306.90976	70.11	17
309.13375	70.36	18.4
311.37386	70.62	19.5
313.63021	70.9	20.3
315.9029	71.17	20.7
318.19206	71.44	20.7
320.49782	71.68	20.3
322.82027	71.91	19.7
325.15956	72.1	18.8
327.5158	72.26	17.7
329.88912	72.39	16.7
332.27963	72.5	15.6
334.68747	72.59	14.5
337.11275	72.67	13.5
339.55561	72.73	12.5
342.01617	72.78	11.6
344.49456	72.82	10.7
346.99091	72.86	9.9
349.50535	72.89	9.1
352.03801	72.91	8.3
354.58902	72.92	7.5
357.15852	72.92	6.8
359.74663	72.9	6.1
362.35351	72.88	5.5
364.97927	72.86	4.9
367.62406	72.84	4.4
370.28802	72.82	3.9
372.97127	72.8	3.5
375.67398	72.78	3
378.39627	72.75	2.6
381.13828	72.71	2.1
383.90017	72.67	1.7
386.68207	72.62	1.4
389.48412	72.57	1.1
392.30649	72.51	0.9
395.1493	72.46	0.7
398.01272	72.39	0.7
400.89688	72.33	0.7
403.80194	72.26	0.8
406.72806	72.19	1
409.67538	72.12	1.3
412.64406	72.05	1.9
415.63424	72	2.6
418.6461	71.96	3.5
421.67978	71.95	4.4
424.73545	71.98	5.5
427.81326	72.05	6.6
430.91337	72.17	7.6
434.03594	72.32	8.5
437.18115	72.51	9.2
440.34914	72.71	9.8
443.54009	72.93	10.1
446.75417	73.15	10.2
449.99153	73.36	10
453.25236	73.57	9.5
456.53681	73.76	8.8
459.84506	73.93	7.8
463.17729	74.07	6.7
466.53367	74.18	5.4
469.91436	74.27	4
473.31955	74.33	2.6
476.74942	74.37	1.2
480.20414	74.4	-0.1
483.6839	74.41	-1.4
487.18888	74.41	-2.6
490.71925	74.39	-3.7
494.2752	74.36	-4.8
497.85692	74.32	-5.8
501.4646	74.27	-6.7
505.09842	74.22	-7.5
508.75857	74.16	-8.2
512.44524	74.1	-8.7
516.15863	74.04	-9.2
519.89893	73.99	-9.6
523.66633	73.94	-10
527.46104	73.9	-10.3
531.28324	73.86	-10.5
535.13313	73.83	-10.8
539.01093	73.81	-11
542.91682	73.8	-11.2
546.85102	73.8	-11.4
550.81373	73.8	-11.6
554.80515	73.82	-11.9
558.8255	73.84	-12.2
562.87498	73.86	-12.6
566.9538	73.88	-13.1
571.06219	73.89	-13.6
575.20034	73.9	-14.2
579.36848	73.91	-14.8
583.56682	73.91	-15.3
587.79559	73.91	-16
592.05499	73.91	-16.6
596.34527	73.91	-17.3
600.66663	73.91	-18
605.01931	73.91	-18.7
609.40353	73.9	-19.6
613.81952	73.89	-20.5
618.26751	73.86	-21.4
622.74773	73.83	-22.3
627.26042	73.77	-23.2
631.8058	73.71	-24.1
636.38413	73.63	-24.9
640.99563	73.54	-25.6
645.64055	73.43	-26.2
650.31913	73.32	-26.6
655.03161	73.2	-26.9
659.77824	73.09	-27.1
664.55926	72.99	-27.1
669.37493	72.9	-27.1
674.2255	72.82	-27
679.11121	72.77	-27
684.03233	72.73	-26.9
688.98911	72.72	-26.9
693.98181	72.72	-26.9
699.01069	72.73	-27.1
704.07601	72.75	-27.3
709.17804	72.77	-27.7
714.31703	72.8	-28.2
719.49327	72.81	-28.7
724.70701	72.82	-29.4
729.95854	72.82	-30
735.24812	72.81	-30.6
740.57603	72.8	-31.3
745.94255	72.79	-31.9
751.34796	72.78	-32.6
756.79253	72.77	-33.4
762.27656	72.76	-34.2
767.80034	72.74	-35.1
773.36413	72.71	-36.1
778.96825	72.67	-37
784.61297	72.61	-38.1
790.2986	72.54	-39.1
796.02543	72.46	-40.1
801.79376	72.36	-41.1
807.60389	72.25	-42.1
813.45612	72.12	-43
819.35076	71.96	-43.9
825.28811	71.79	-44.7
831.26849	71.6	-45.3
837.2922	71.4	-45.7
843.35957	71.2	-46.1
849.4709	71	-46.3
855.62651	70.81	-46.4
861.82674	70.64	-46.4
868.07189	70.48	-46.4
874.3623	70.33	-46.4
880.69828	70.2	-46.4
887.08019	70.06	-46.5
893.50834	69.93	-46.5
899.98307	69.79	-46.4
906.50471	69.66	-46.4
913.07362	69.52	-46.3
919.69013	69.38	-46.1
926.35458	69.25	-45.8
933.06733	69.11	-45.5
939.82872	68.98	-45
946.63911	68.86	-44.5
953.49884	68.76	-44
960.40829	68.67	-43.4
967.3678	68.6	-42.9
974.37775	68.55	-42.5
981.43849	68.51	-42.1
988.5504	68.49	-41.8
995.71384	68.48	-41.7
1002.9292	68.47	-41.6
1010.1968	68.46	-41.7
1017.5171	68.45	-42
1024.8905	68.43	-42.3
1032.3173	68.4	-42.8
1039.7979	68.35	-43.4
1047.3327	68.28	-44
1054.9221	68.18	-44.6
1062.5665	68.06	-45.1
1070.2663	67.92	-45.6
1078.0219	67.76	-46
1085.8336	67.59	-46.3
1093.702	67.39	-46.5
1101.6275	67.18	-46.6
1109.6103	66.96	-46.4
1117.651	66.73	-46
1125.75	66.49	-45.4
1133.9076	66.26	-44.5
1142.1244	66.04	-43.3
1150.4007	65.85	-42
1158.737	65.69	-40.5
1167.1336	65.56	-39
1175.5912	65.47	-37.5
1184.11	65.41	-36.1
1192.6905	65.38	-34.7
1201.3333	65.37	-33.4
1210.0386	65.39	-32.2
1218.8071	65.43	-31.1
1227.639	65.48	-30.2
1236.535	65.53	-29.4
1245.4955	65.57	-28.9
1254.5208	65.59	-28.4
1263.6116	65.61	-28
1272.7683	65.61	-27.6
1281.9913	65.61	-27.1
1291.2811	65.61	-26.5
1300.6383	65.61	-25.9
1310.0632	65.62	-25.3
1319.5565	65.65	-24.6
1329.1185	65.68	-23.9
1338.7499	65.73	-23.3
1348.451	65.78	-22.6
1358.2224	65.85	-22
1368.0647	65.92	-21.4
1377.9782	66.01	-20.9
1387.9636	66.11	-20.5
1398.0214	66.21	-20.2
1408.152	66.31	-20.1
1418.3561	66.39	-20.1
1428.6341	66.47	-20.1
1438.9865	66.54	-20.1
1449.414	66.62	-20
1459.9171	66.7	-20
1470.4962	66.78	-20
1481.1521	66.88	-20.1
1491.8851	66.98	-20.2
1502.6959	67.07	-20.4
1513.5851	67.17	-20.7
1524.5531	67.25	-21
1535.6007	67.33	-21.4
1546.7283	67.4	-21.9
1557.9365	67.46	-22.4
1569.2259	67.52	-23
1580.5972	67.56	-23.7
1592.0509	67.59	-24.4
1603.5875	67.61	-25.1
1615.2078	67.61	-25.9
1626.9122	67.59	-26.5
1638.7015	67.57	-27.1
1650.5762	67.55	-27.5
1662.537	67.53	-27.9
1674.5844	67.52	-28.3
1686.7191	67.52	-28.6
1698.9418	67.53	-28.9
1711.253	67.54	-29.2
1723.6535	67.57	-29.5
1736.1438	67.6	-29.8
1748.7246	67.65	-30.2
1761.3966	67.7	-30.7
1774.1604	67.76	-31.2
1787.0167	67.81	-31.9
1799.9661	67.86	-32.7
1813.0094	67.91	-33.6
1826.1472	67.95	-34.5
1839.3803	67.98	-35.6
1852.7092	68	-36.7
1866.1347	68.01	-37.8
1879.6574	68.01	-39.1
1893.2782	68	-40.4
1906.9977	67.97	-41.7
1920.8166	67.92	-43.1
1934.7356	67.87	-44.4
1948.7555	67.8	-45.7
1962.877	67.72	-47.1
1977.1008	67.64	-48.4
1991.4277	67.55	-49.8
2005.8584	67.45	-51.2
2020.3937	67.34	-52.7
2035.0343	67.23	-54.3
2049.781	67.09	-55.9
2064.6345	66.95	-57.6
2079.5957	66.79	-59.3
2094.6653	66.61	-61.1
2109.8441	66.41	-63
2125.1329	66.2	-64.9
2140.5325	65.95	-66.8
2156.0437	65.68	-68.6
2171.6673	65.37	-70.4
2187.4041	65.02	-72.1
2203.2549	64.64	-73.5
2219.2206	64.22	-74.5
2235.302	63.76	-75.2
2251.4999	63.25	-75.3
2267.8152	62.71	-74.8
2284.2487	62.14	-73.6
2300.8014	61.54	-71.8
2317.4739	60.92	-69.3
2334.2673	60.3	-66.3
2351.1823	59.7	-63
2368.22	59.13	-59.3
2385.3811	58.63	-55.5
2402.6665	58.19	-51.6
2420.0772	57.85	-47.8
2437.6141	57.6	-44
2455.2781	57.45	-40.4
2473.07	57.35	-37.1
2490.9909	57.31	-34.1
2509.0417	57.28	-31.4
2527.2232	57.27	-29
2545.5365	57.25	-26.7
2563.9825	57.22	-24.4
2582.5622	57.19	-21.9
2601.2765	57.17	-19.2
2620.1264	57.18	-16.1
2639.1129	57.25	-12.8
2658.237	57.39	-9.3
2677.4997	57.61	-5.6
2696.902	57.93	-2
2716.4449	58.32	1.7
2736.1293	58.79	5.2
2755.9565	59.31	8.5
2775.9273	59.86	11.4
2796.0428	60.41	14
2816.304	60.96	16
2836.7121	61.48	17.5
2857.2681	61.98	18.3
2877.9731	62.45	18.5
2898.8281	62.88	18.2
2919.8342	63.27	17.4
2940.9925	63.62	16.2
2962.3041	63.94	14.8
2983.7702	64.22	13.2
3005.3918	64.48	11.5
3027.1701	64.7	9.7
3049.1063	64.9	7.9
3071.2013	65.07	6.1
3093.4565	65.22	4.3
3115.873	65.35	2.5
3138.4519	65.47	0.8
3161.1944	65.58	-0.9
3184.1017	65.67	-2.5
3207.175	65.76	-4.1
3230.4156	65.85	-5.7
3253.8245	65.93	-7.3
3277.403	66.01	-8.9
3301.1524	66.08	-10.5
3325.074	66.15	-12.2
3349.1688	66.22	-13.8
3373.4383	66.28	-15.5
3397.8836	66.34	-17.2
3422.5061	66.4	-19.1
3447.3069	66.45	-20.9
3472.2876	66.5	-22.9
3497.4492	66.54	-24.9
3522.7931	66.57	-27
3548.3208	66.59	-29.2
3574.0333	66.6	-31.4
3599.9323	66.59	-33.7
3626.0189	66.58	-36.1
3652.2945	66.55	-38.6
3678.7605	66.51	-41.1
3705.4183	66.45	-43.6
3732.2693	66.37	-46.3
3759.3149	66.28	-49
3786.5564	66.17	-51.7
3813.9954	66.05	-54.5
3841.6332	65.9	-57.3
3869.4712	65.73	-60.2
3897.511	65.54	-63.2
3925.754	65.33	-66.1
3954.2016	65.1	-69.2
3982.8554	64.85	-72.3
4011.7168	64.58	-75.5
4040.7873	64.29	-78.7
4070.0686	63.98	-82.1
4099.5619	63.65	-85.6
4129.2691	63.3	-89.1
4159.1915	62.93	-92.8
4189.3307	62.55	-96.7
4219.6883	62.15	-100.7
4250.2659	61.74	-104.9
4281.0651	61.32	-109.3
4312.0874	60.9	-113.9
4343.3346	60.47	-118.7
4374.8082	60.05	-123.8
4406.5098	59.63	-129.1
4438.4412	59.23	-134.6
4470.604	58.86	-140.4
4502.9998	58.52	-146.4
4535.6304	58.22	-152.6
4568.4975	57.98	-158.9
4601.6027	57.81	-165.5
4634.9478	57.7	-172.1
4668.5346	57.67	-178.8
4702.3647	57.7	174.5
4736.44	57.81	167.8
4770.7622	57.96	161.2
4805.3331	58.17	154.6
4840.1545	58.4	148.2
4875.2282	58.67	142
4910.5562	58.95	136.1
4946.1401	59.24	130.3
4981.9818	59.54	124.9
5018.0833	59.83	119.8
5054.4464	60.12	115
5091.073	60.4	110.5
5127.965	60.68	106.4
5165.1244	60.95	102.6
5202.553	61.22	99.1
5240.2529	61.49	96
5278.2259	61.76	93.2
5316.4741	62.03	90.6
5354.9995	62.31	88.3
5393.804	62.61	86.3
5432.8897	62.91	84.4
5472.2587	63.22	82.6
5511.9129	63.54	81
5551.8545	63.87	79.4
5592.0855	64.21	77.9
5632.6081	64.55	76.4
5673.4243	64.9	74.9
5714.5363	65.24	73.4
5755.9461	65.58	71.7
5797.6561	65.91	70
5839.6683	66.24	68.2
5881.985	66.56	66.4
5924.6082	66.87	64.4
5967.5404	67.17	62.3
6010.7837	67.46	60.1
6054.3403	67.74	57.8
6098.2125	68.01	55.4
6142.4027	68.26	52.8
6186.9131	68.49	50.1
6231.746	68.69	47.2
6276.9038	68.87	44.3
6322.3888	69.02	41.3
6368.2035	69.13	38.2
6414.3501	69.22	35
6460.8311	69.27	31.9
6507.649	69.28	28.8
6554.8061	69.27	25.8
6602.3049	69.23	23
6650.1479	69.17	20.3
6698.3376	69.08	17.7
6746.8765	68.98	15.4
6795.7672	68.86	13.2
6845.0121	68.73	11.2
6894.6139	68.59	9.4
6944.5751	68.45	7.7
6994.8984	68.31	6.3
7045.5863	68.18	5
7096.6415	68.06	3.8
7148.0667	67.97	2.8
7199.8645	67.9	1.7
7252.0377	67.85	0.6
7304.589	67.82	-0.6
7357.521	67.8	-1.9
7410.8367	67.79	-3.3
7464.5386	67.78	-4.8
7518.6298	67.76	-6.5
7573.1129	67.74	-8.3
7627.9908	67.7	-10.3
7683.2663	67.66	-12.4
7738.9424	67.6	-14.6
7795.022	67.53	-17
7851.5079	67.43	-19.5
7908.4032	67.29	-22
7965.7108	67.12	-24.6
8023.4336	66.91	-27.2
8081.5747	66.65	-29.5
8140.1371	66.35	-31.7
8199.1239	66	-33.4
8258.5381	65.61	-34.7
8318.3829	65.18	-35.4
8378.6613	64.72	-35.3
8439.3766	64.23	-34.6
8500.5318	63.73	-33.1
8562.1301	63.24	-31
8624.1749	62.76	-28.5
8686.6692	62.34	-25.6
8749.6164	61.99	-22.5
8813.0197	61.74	-19.2
8876.8825	61.6	-16
8941.208	61.59	-12.7
9005.9997	61.68	-9.6
9071.2609	61.87	-6.7
9136.995	62.14	-4.2
9203.2054	62.46	-2.1
9269.8956	62.81	-0.6
9337.0691	63.18	0.3
9404.7294	63.56	0.7
9472.8799	63.93	0.7
9541.5243	64.28	0.3
9610.6661	64.63	-0.4
9680.309	64.97	-1.3
9750.4565	65.31	-2.3
9821.1123	65.64	-3.5
9892.2801	65.98	-4.8
9963.9637	66.32	-6.4
10036.167	66.67	-8.2
10108.893	67.02	-10.2
10182.146	67.36	-12.5
10255.93	67.69	-15.1
10330.249	68.01	-17.9
10405.106	68.31	-21.1
10480.506	68.58	-24.6
10556.452	68.82	-28.4
10632.948	69.04	-32.5
10709.999	69.22	-36.9
10787.608	69.38	-41.7
10865.779	69.5	-46.7
10944.517	69.59	-52.1
11023.826	69.64	-57.9
11103.709	69.64	-64
11184.171	69.61	-70.4
11265.216	69.52	-77.1
11346.849	69.38	-84.1
11429.073	69.19	-91.3
11511.892	68.95	-98.8
11595.312	68.66	-106.4
11679.337	68.32	-114.3
11763.97	67.94	-122.2
11849.216	67.51	-130.4
11935.081	67.03	-138.7
12021.567	66.5	-147.3
12108.681	65.93	-156.2
12196.425	65.33	-165.6
12284.805	64.72	-175.4
12373.826	64.11	174.3
12463.492	63.54	163.4
12553.808	63.06	152.1
12644.778	62.71	140.1
12736.407	62.49	127.7
12828.7	62.41	114.8
12921.662	62.44	101.5
13015.298	62.52	87.9
13109.612	62.64	74.3
13204.61	62.75	60.9
13300.296	62.86	48.1
13396.675	62.98	36.3
13493.753	63.13	25.6
13591.534	63.32	16.1
13690.024	63.58	7.4
13789.228	63.89	-0.5
13889.15	64.24	-7.8
13989.797	64.63	-14.7
14091.173	65.01	-21.3
14193.283	65.38	-27.7
14296.133	65.72	-34.1
14399.729	66.02	-40.7
14504.075	66.3	-47.5
14609.178	66.53	-54.9
14715.042	66.71	-63.1
14821.673	66.84	-72.4
14929.077	66.91	-82.8
15037.26	66.92	-94.2
15146.226	66.86	-106.7
15255.982	66.73	-120.4
15366.533	66.53	-135.5
15477.885	66.26	-152.3
15590.044	65.93	-171
15703.016	65.55	168.5
15816.806	65.13	146.1
15931.422	64.68	122.2
16046.867	64.22	97.2
16163.149	63.73	71.5
16280.274	63.23	45.3
16398.248	62.74	19.2
16517.076	62.26	-6.6
16636.766	61.79	-31.9
16757.323	61.32	-56.4
16878.753	60.86	-79.7
17001.064	60.4	-101.5
17124.26	59.95	-121.3
17248.35	59.51	-139
17373.338	59.07	-154.5
17499.233	58.63	-168.2
17626.039	58.22	179.5
17753.765	57.85	168.2
17882.416	57.56	157.5
18011.999	57.34	147.1
18142.522	57.16	136.7
18273.99	57.01	126.3
18406.411	56.86	116
18539.791	56.72	105.8
18674.138	56.6	95.6
18809.459	56.51	85.5
18945.76	56.45	75.2
19083.049	56.38	64.9
19221.332	56.29	54.8
19360.618	56.19	45.3
19500.913	56.06	36.6
19642.225	55.94	29.4
19784.56	55.84	24.3
19927.927	55.8	22.4
